-3.970547 -4.3360080761262045
-3.966829 -4.331965111458177
-3.966425 -4.331526013333628
-3.958422 -4.3228363266741
-3.951365 -4.315187357135318
-3.942479 -4.305573988250215
-3.939268 -4.3021050846097
-3.937579 -4.300281476448413
-3.927517 -4.28943255333036
-3.918387 -4.279610694505066
-3.911524 -4.2722414882277615
-3.897684 -4.257416771551278
-3.895066 -4.2546179201316425
-3.879274 -4.237771485147704
-3.874094 -4.232259220392552
-3.870883 -4.22884562267151
-3.87055 -4.228491759489482
-3.869873 -4.227772429336817
-3.864866 -4.222455913530069
-3.864479 -4.2220452509278505
-3.862296 -4.219729473803662
-3.859931 -4.21722196744563
-3.853849 -4.210779885985741
-3.833106 -4.188877946065616
-3.832937 -4.188699942009343
-3.829342 -4.18491508064931
-3.807748 -4.162247828169776
-3.800477 -4.1546413067824925
-3.795981 -4.149944339350825
-3.795742 -4.149694795186387
-3.784348 -4.137814368948352
-3.782051 -4.1354231586444286
-3.777184 -4.13036080563222
-3.773756 -4.126798686623768
-3.773601 -4.126637690141806
-3.769556 -4.122438274910601
-3.768807 -4.121661120423093
-3.761514 -4.114101129817383
-3.746755 -4.098841417577734
-3.745191 -4.097227458163183
-3.730971 -4.082580419759256
-3.726863 -4.078358162017358
-3.724068 -4.075487753753399
-3.722168 -4.073537569038217
-3.7192 -4.0704929181141445
-3.689834 -4.040482754707463
-3.686384 -4.036970659704436
-3.673515 -4.023895143228916
-3.657751 -4.007931996767328
-3.655746 -4.00590590617525
-3.633705 -3.983695916672932
-3.631537 -3.9815175067811177
-3.62798 -3.977945832577271
-3.627509 -3.9774731134580152
-3.623804 -3.9737564158471415
-3.606537 -3.956477551936974
-3.605915 -3.955856432950786
-3.605737 -3.95567870179456
-3.588047 -3.938052482043134
-3.584181 -3.9342101755680625
-3.579199 -3.9292638579890067
-3.576818 -3.926901957477922
-3.57649 -3.9265766922143888
-3.575818 -3.925910373452721
-3.562024 -3.9122562336354054
-3.557935 -3.908217197917205
-3.554475 -3.9048025092836056
-3.550959 -3.9013353996725764
-3.541091 -3.891619918291606
-3.5388 -3.8893675514055817
-3.538188 -3.888766076955582
-3.534771 -3.8854094354593824
-3.533914 -3.884567996756372
-3.523511 -3.8743674083572675
-3.509943 -3.86110085494378
-3.508803 -3.859988109941793
-3.506598 -3.8578366734428284
-3.49847 -3.8499157490227285
-3.484464 -3.836302061798974
-3.472244 -3.824460933574862
-3.468125 -3.8204773047871905
-3.464179 -3.8166646090901866
-3.457343 -3.8100679151112447
-3.439422 -3.7928245496997066
-3.411196 -3.765812845077469
-3.404632 -3.759556898793221
-3.404103 -3.75905314576592
-3.403116 -3.7581134187904013
-3.403026 -3.7580277402572504
-3.392829 -3.7483321011754134
-3.392815 -3.748318805505149
-3.390683 -3.7462945759695225
-3.380973 -3.7370882400813814
-3.376721 -3.7330634116157206
-3.369147 -3.72590403513978
-3.367456 -3.7243073472006705
-3.353074 -3.710753123774052
-3.348733 -3.7066709804760176
-3.343517 -3.7017715263060147
-3.297455 -3.658764971111977
-3.28334 -3.6456793125627485
-3.279131 -3.641785661870224
-3.271876 -3.6350832728859164
-3.270534 -3.63384474636322
-3.26553 -3.6292300217180724
-3.26465 -3.6284190411993675
-3.259199 -3.623399310765384
-3.256882 -3.621267575777609
-3.252414 -3.6171601134832425
-3.250613 -3.615505663226336
-3.246551 -3.61177676715831
-3.228417 -3.5951732597682753
-3.218497 -3.586120441775308
-3.212447 -3.580609686051192
-3.209628 -3.578044626165366
-3.207044 -3.5756948917723212
-3.200796 -3.5700192382212768
-3.188918 -3.55925231112856
-3.18549 -3.556150561353596
-3.174175 -3.545930182143283
-3.169315 -3.541548692443727
-3.154578 -3.528293286328524
-3.139509 -3.5147867270383815
-3.116212 -3.4939993692423377
-3.10321 -3.4824474708445825
-3.103106 -3.482355212356632
-3.092952 -3.4733584590164286
-3.089468 -3.4702764815550484
-3.083325 -3.464848483791778
-3.057137 -3.4417964566221686
-3.046476 -3.4324527303425088
-3.04103 -3.427688682008413
-3.034036 -3.4215794292018993
-3.02894 -3.4171344095863683
-3.006018 -3.3972063676763735
-2.997269 -3.3896284372449736
-2.965746 -3.3624539538026417
-2.960917 -3.358308891865832
-2.957034 -3.354979264159706
-2.944539 -3.3442855857546805
-2.896062 -3.303093805155531
-2.894898 -3.3021105038619574
-2.892616 -3.300183542414528
-2.889979 -3.297958102206665
-2.880224 -3.289737580959051
-2.861199 -3.273759486219169
-2.861163 -3.2737293195386235
-2.85777 -3.270887257823195
-2.855795 -3.269233993980734
-2.852084 -3.2661296117036933
-2.846459 -3.261429271964378
-2.833899 -3.2509563874585314
-2.833352 -3.250500987063118
-2.822819 -3.2417432579494623
-2.809818 -3.2309634155819493
-2.808393 -3.229783876305228
-2.802289 -3.224735787779279
-2.795428 -3.219070308628952
-2.788162 -3.2130803757793167
-2.777897 -3.2046355878376813
-2.771606 -3.199470205654654
-2.771353 -3.1992626337921166
-2.764314 -3.1934924993412457
-2.743188 -3.1762320636107066
-2.713041 -3.1517495565930274
-2.711394 -3.1504170240546614
-2.706556 -3.1465057494017508
-2.703245 -3.1438315444747458
-2.682629 -3.1272274150611246
-2.671497 -3.118295179034199
-2.660983 -3.109880309427126
-2.641275 -3.0941630854317035
-2.636269 -3.090182387995908
-2.633626 -3.088082606676598
-2.619189 -3.0766359129056395
-2.60468 -3.0651713006816648
-2.587652 -3.05176614818192
-2.58065 -3.046269470644752
-2.575506 -3.0422371271993933
-2.565254 -3.034215225685255
-2.545694 -3.0189637394570656
-2.543875 -3.017548983603948
-2.542369 -3.016378127290918
-2.539172 -3.013893961482621
-2.532652 -3.008833521678395
-2.501024 -2.9843957880095537
-2.499899 -2.983529894742597
-2.498096 -2.982142635247505
-2.493096 -2.978298631449472
-2.488641 -2.974877438492644
-2.482425 -2.9701098945557804
-2.482221 -2.9699535491134945
-2.482121 -2.9698769119366366
-2.479322 -2.967732570089943
-2.476633 -2.9656738323611505
-2.471404 -2.9616741675047074
-2.46633 -2.9577977721857875
-2.464289 -2.956239811855064
-2.458268 -2.9516481553785088
-2.45707 -2.950735329315605
-2.439018 -2.937011619845477
-2.433282 -2.9326631407583346
-2.432318 -2.931932906367514
-2.431037 -2.930962799764809
-2.429252 -2.929611500290079
-2.426626 -2.927624571427076
-2.421184 -2.9235108662581064
-2.417466 -2.9207033964272506
-2.415846 -2.9194809003781295
-2.411137 -2.9159300107193094
-2.409694 -2.9148426844658175
-2.39292 -2.9022302792681796
-2.369777 -2.8849106837552885
-2.369754 -2.884893518137427
-2.366325 -2.882335389505146
-2.355313 -2.8741341044909063
-2.3551 -2.8739756806569012
-2.349198 -2.8695890901396153
-2.337916 -2.861220846307714
-2.324395 -2.8512211395982527
-2.310443 -2.8409360432142696
-2.298944 -2.8324846396458607
-2.288593 -2.8248965522076768
-2.263855 -2.806836520729333
-2.22863 -2.7813015573085735
-2.219181 -2.774487882869999
-2.154999 -2.7286058866765917
-2.149003 -2.724354870927156
-2.138747 -2.7170975411072114
-2.111273 -2.697742723143592
-2.107723 -2.6952509648975234
-2.085549 -2.6797340784903936
-2.078884 -2.6750858958920736
-2.077651 -2.674226800206272
-2.076729 -2.6735845577585886
-2.067103 -2.6668876583075436
-2.064887 -2.6653481180450003
-2.063658 -2.6644946314128504
-2.039707 -2.6479110112915496
-2.035932 -2.6453057461524674
-2.029032 -2.6405497959122597
-2.028201 -2.639977536178451
-2.012196 -2.6289777128060994
-2.007509 -2.6257643124708885
-1.996853 -2.6184717820304844
-1.985628 -2.610809651494688
-1.983718 -2.6095079134667616
-1.961244 -2.594234996256186
-1.928663 -2.5722368426617397
-1.925702 -2.5702459934599364
-1.924729 -2.5695920935923464
-1.919553 -2.5661161102638177
-1.917294 -2.5646003911620436
-1.91352 -2.562069955383202
-1.905699 -2.556833206773658
-1.904434 -2.555987101480474
-1.896633 -2.5507749173329026
-1.885683 -2.5434749152644747
-1.882387 -2.541281271586578
-1.876369 -2.5372804065888523
-1.847233 -2.51799044576732
-1.845413 -2.5167898801730715
-1.843506 -2.5155324779058708
-1.841375 -2.5141280478927426
-1.836627 -2.5110014291988803
-1.828437 -2.5056164349332146
-1.823823 -2.502587270588677
-1.821087 -2.5007926000931704
-1.820702 -2.50054015354514
-1.814617 -2.496553230880904
-1.806045 -2.4909465167255425
-1.784701 -2.477035157955336
-1.778923 -2.473281271844245
-1.775282 -2.470918392383134
-1.747084 -2.452687477413508
-1.745124 -2.451424777851492
-1.743742 -2.450534796839504
-1.742271 -2.4495878204078707
-1.732205 -2.4431165088008573
-1.72661 -2.4395261913054487
-1.71601 -2.4327371447847055
-1.710045 -2.4289241659633296
-1.696695 -2.420409933261423
-1.695891 -2.4198980219094066
-1.684842 -2.4128728919639393
-1.68132 -2.410637396024714
-1.677192 -2.4080196218960728
-1.672615 -2.4051200941235065
-1.669183 -2.402947977339032
-1.667951 -2.402168672164146
-1.650075 -2.3908866168512866
-1.64721 -2.38908285501606
-1.63226 -2.379690317796909
-1.623268 -2.374056915089576
-1.62186 -2.3731758985889373
-1.620903 -2.372577249797658
-1.618889 -2.3713178391308407
-1.61258 -2.367376517475681
-1.605615 -2.363032194207375
-1.59922 -2.35904968495681
-1.593646 -2.3555833563833657
-1.578339 -2.346087748347464
-1.568114 -2.3397638161775767
-1.539335 -2.3220463726257607
-1.538096 -2.321286296402185
-1.528201 -2.3152240859140756
-1.526192 -2.3139949925995085
-1.520394 -2.3104510802617613
-1.518157 -2.309085054669964
-1.506963 -2.3022602568865276
-1.486863 -2.290050791870949
-1.486266 -2.289689037723468
-1.485607 -2.289289773665895
-1.484458 -2.2885937850321065
-1.48204 -2.287129736196646
-1.470902 -2.280396688824374
-1.470003 -2.2798540048965172
-1.463642 -2.276017457886523
-1.45716 -2.27211385379883
-1.453016 -2.2696213736040693
-1.452937 -2.269573881375451
-1.448213 -2.2667355758581724
-1.426241 -2.2535757329434887
-1.41937 -2.2494744292300846
-1.409189 -2.2434096044579706
-1.405595 -2.241272136662781
-1.379204 -2.2256319931139865
-1.354821 -2.2112682140799595
-1.346026 -2.206107428669263
-1.34586 -2.206010125157748
-1.336242 -2.200378890357623
-1.333837 -2.1989727865071753
-1.320271 -2.191056246442069
-1.308629 -2.1842826609061756
-1.293961 -2.1757749455739024
-1.292473 -2.1749135227995984
-1.275882 -2.16532924872526
-1.265313 -2.159243308260293
-1.260215 -2.1563131561102296
-1.257635 -2.1548316061173827
-1.256395 -2.1541198644358834
-1.255249 -2.153462262654566
-1.251952 -2.1515713586235616
-1.251186 -2.15113225102456
-1.248519 -2.149604019465497
-1.240384 -2.144948481805679
-1.235097 -2.141927603149986
-1.227983 -2.137868763193816
-1.221645 -2.13425840358025
-1.215053 -2.130509084825354
-1.214331 -2.1300987888590814
-1.205444 -2.1250542375667765
-1.199822 -2.1218684698795087
-1.194867 -2.1190641697134183
-1.189568 -2.116068810533921
-1.189016 -2.115756997704975
-1.184859 -2.113410103838395
-1.179054 -2.1101366608692853
-1.155197 -2.0967307067116634
-1.151683 -2.0947624607396493
-1.143028 -2.0899216215902605
-1.128386 -2.0817546827419458
-1.12566 -2.0802373047120923
-1.125063 -2.079905125969967
-1.117968 -2.075960957552449
-1.106545 -2.0696246892603236
-1.104843 -2.0686820627546476
-1.102951 -2.0676346523282874
-1.098875 -2.0653797701355394
-1.084797 -2.0576083619759835
-1.069403 -2.0491400147134824
-1.067776 -2.048246788471541
-1.066278 -2.047424686955795
-1.056849 -2.042256729879261
-1.019835 -2.0220805749726747
-1.011562 -2.017595071861191
-0.998951 -2.0107744100680742
-0.938533 -1.9783777132815634
-0.93389 -1.9759071732128033
-0.933334 -1.9756115072830356
-0.930989 -1.9743649262252914
-0.92516 -1.9712692720659029
-0.921183 -1.9691596196580508
-0.920268 -1.9686745261831369
-0.917286 -1.9670943261431029
-0.915323 -1.9660547147199268
-0.908429 -1.9624074465569847
-0.907992 -1.9621764520148701
-0.9077 -1.9620221165499776
-0.889273 -1.9523041019046203
-0.883324 -1.9491757468491941
-0.882034 -1.9484979643259857
-0.857036 -1.9354043998356765
-0.853734 -1.9336806383216534
-0.846564 -1.9299422703498668
-0.843468 -1.9283300028233226
-0.843079 -1.9281275112528327
-0.82204 -1.9172034653954662
-0.820814 -1.9165685642373094
-0.815377 -1.9137551534038406
-0.814182 -1.9131372772510449
-0.809158 -1.910541519820536
-0.804171 -1.9079679247990342
-0.790946 -1.901157687283053
-0.78538 -1.898297822461471
-0.785007 -1.8981063058788454
-0.773006 -1.891953400471824
-0.760599 -1.8856106556595107
-0.75472 -1.8826116620228424
-0.713762 -1.861833399364851
-0.712478 -1.8611852631314825
-0.703682 -1.8567505111158027
-0.698102 -1.8539419712561893
-0.69443 -1.8520957901839072
-0.693513 -1.8516349976163788
-0.684334 -1.8470280474237557
-0.67462 -1.8421634514910308
-0.669112 -1.8394101014738833
-0.667424 -1.83856701787155
-0.657713 -1.8337233171620608
-0.648047 -1.8289130877860111
-0.646762 -1.828274441979936
-0.63827 -1.824058784964316
-0.637422 -1.8236382793837522
-0.636181 -1.8230230451512355
-0.633794 -1.8218401807684852
-0.622682 -1.8163424666563406
-0.606648 -1.808434972992025
-0.603534 -1.8069027122260202
-0.601486 -1.8058955971182373
-0.598964 -1.8046560594925787
-0.586367 -1.798475809896958
-0.583118 -1.7968847913881814
-0.568294 -1.789641038553455
-0.567886 -1.7894420278480145
-0.567792 -1.7893961800622271
-0.561864 -1.786506899694128
-0.546051 -1.7788194870131646
-0.542673 -1.7771810097997676
-0.519877 -1.7661580912878885
-0.510414 -1.7615997093973765
-0.494729 -1.7540665728462013
-0.493667 -1.7535575279975444
-0.489706 -1.7516600419983448
-0.481879 -1.747915798437065
-0.475207 -1.7447295428942426
-0.471836 -1.7431216103852682
-0.465635 -1.740167140794756
-0.453433 -1.7343661208940537
-0.449519 -1.732508886023411
-0.440363 -1.7281709713374434
-0.440123 -1.7280573907525145
-0.433781 -1.7250583574092593
-0.431283 -1.7238783256062744
-0.425097 -1.720959114606243
-0.424841 -1.7208383986061568
-0.41692 -1.7171068832860497
-0.414832 -1.716124407411035
-0.38698 -1.7030653526212118
-0.370048 -1.6951683129864232
-0.359819 -1.690412827882372
-0.346616 -1.6842916991410657
-0.339147 -1.680837399004185
-0.335751 -1.6792688159926417
-0.329201 -1.6762469820876367
-0.313167 -1.6688694339999313
-0.294207 -1.6601815866075225
-0.290537 -1.6585044137138167
-0.290501 -1.6584879690876375
-0.289981 -1.6582504512090441
-0.28933 -1.6579531382523278
-0.279362 -1.6534064431263567
-0.276477 -1.652092508679471
-0.272215 -1.650153077245746
-0.270605 -1.6494209519829632
-0.245396 -1.6379937751664655
-0.244368 -1.6375292290433408
-0.230146 -1.6311139775883883
-0.2113 -1.6226460983827544
-0.204095 -1.6194187066625527
-0.203931 -1.619345308842543
-0.195883 -1.6157469395323458
-0.183043 -1.6100201598799322
-0.182868 -1.609942228006055
-0.182024 -1.6095664189855798
-0.179024 -1.6082312118091069
-0.176351 -1.6070423398163116
-0.172452 -1.6053095257722938
-0.140665 -1.5912420217532077
-0.116599 -1.5806615930041055
-0.116323 -1.580540600626144
-0.115279 -1.5800830052218744
-0.100812 -1.573753592356906
-0.100438 -1.5735902516954066
-0.09245 -1.5701050214774528
-0.06214 -1.5569402376851211
-0.040247 -1.5474897959198517
-0.009746 -1.5344048789466949
-0.009138 -1.5341450053975652
-0.001555 -1.5309069893451697
-8.31E-4 -1.5305981377297084
0.002862 -1.5290235610545049
0.008751 -1.5265155235126038
0.051082 -1.5085898046307025
0.057194 -1.5060163772063493
0.079499 -1.4966564614769855
0.102846 -1.4869120328322418
0.115465 -1.4816675487077149
0.123329 -1.47840716059618
0.126682 -1.4770188609101844
0.12685 -1.4769493299681693
0.137496 -1.4725488502084418
0.13817 -1.4722706278813
0.143356 -1.4701313674231902
0.153101 -1.466118579257456
0.156448 -1.464742486742999
0.156952 -1.4645353654908555
0.179236 -1.4554022824496538
0.183036 -1.453849653419194
0.186624 -1.4523849250593743
0.192152 -1.450130662446414
0.204089 -1.4452729168284173
0.217656 -1.4397684719205452
0.220754 -1.4385140171668203
0.228434 -1.4354081614278111
0.24285 -1.4295934243403086
0.253822 -1.4251811041457019
0.261565 -1.4220741906926453
0.270026 -1.4186856765299338
0.277621 -1.4156497540907282
0.295564 -1.4084990884922421
0.300352 -1.4065960933902775
0.305323 -1.4046226438896776
0.310542 -1.402553235827218
0.311183 -1.402299246283442
0.330028 -1.3948492958078085
0.341855 -1.3901906885276811
0.348853 -1.3874403360211796
0.370095 -1.3791196410307958
0.371943 -1.3783977367540377
0.385443 -1.3731336481999108
0.39068 -1.3710960932541831
0.392048 -1.3705642623985732
0.411689 -1.3629474688246073
0.417918 -1.360539240734391
0.42961 -1.3560285030287564
0.435362 -1.353813973788835
0.437543 -1.3529750729133343
0.437888 -1.352842411595408
0.440816 -1.3517169565473104
0.442324 -1.3511376205283383
0.452219 -1.347341331334275
0.455305 -1.3461591816823506
0.46342 -1.3430546957685388
0.474146 -1.33896047653099
0.476583 -1.3380316973014261
0.477135 -1.3378213957472391
0.48351 -1.335394630484767
0.484825 -1.3348945058696005
0.486356 -1.3343124275029101
0.491955 -1.332185510864914
0.493353 -1.3316548859007988
0.495998 -1.3306514295584295
0.498362 -1.3297551098565439
0.499785 -1.3292158155789622
0.509238 -1.3256378850152846
0.515542 -1.3232562846369023
0.525434 -1.3195263194418136
0.531925 -1.317083504664995
0.533946 -1.316323689612242
0.545165 -1.3121123949375513
0.547937 -1.31107358574821
0.558138 -1.3072566144699356
0.562565 -1.305603000857448
0.585418 -1.2970942331496151
0.587139 -1.296455320875861
0.587452 -1.2963391492166718
0.591907 -1.2946865839869797
0.594509 -1.2937221875357436
0.598326 -1.2923085414994284
0.599217 -1.2919787387142945
0.601351 -1.2911891233089972
0.601354 -1.2911880135398384
0.607022 -1.2890926957498656
0.610876 -1.2876695724813225
0.610949 -1.2876426291130065
0.61159 -1.2874060641771938
0.61735 -1.2852819102713373
0.621947 -1.2835887196652986
0.629415 -1.2808419907886057
0.630949 -1.2802783865291965
0.647056 -1.2743728763161426
0.655571 -1.2712599980847665
0.69134 -1.2582520103458446
0.698204 -1.2557683696684894
0.709864 -1.2515586002430157
0.713475 -1.2502572252793174
0.713836 -1.2501271849525617
0.726608 -1.2455335645797805
0.728305 -1.2449242600657517
0.733476 -1.2430691306674895
0.74644 -1.2384281797435406
0.746978 -1.2382358899376555
0.753128 -1.2360395200773704
0.758565 -1.234100446524762
0.769411 -1.2302397298831782
0.777855 -1.2272408762427673
0.778456 -1.2270276617813622
0.780055 -1.2264605383361629
0.792992 -1.2218800062683395
0.79369 -1.2216332677544486
0.800507 -1.2192256436155788
0.802305 -1.2185912740517837
0.814644 -1.2142451081400218
0.832129 -1.2081080599074525
0.837578 -1.2062007033487983
0.842828 -1.2043653293618006
0.844155 -1.203901777659272
0.845183 -1.2035427736072475
0.856644 -1.1995462067684766
0.866061 -1.1962705062826335
0.866752 -1.196030429520808
0.886568 -1.1891623611536963
0.887241 -1.1889296697479814
0.89528 -1.1861530292379734
0.909436 -1.181276422981112
0.909831 -1.1811405834314785
0.914124 -1.1796650497751382
0.915122 -1.1793222450170875
0.915982 -1.1790269070611286
0.918054 -1.1783155954678257
0.934285 -1.1727555922186987
0.947162 -1.1683596858980858
0.952742 -1.1664589611300786
0.964287 -1.1625343289271137
0.968085 -1.1612455710527
0.970077 -1.160570097850648
0.978998 -1.157548953046041
0.981201 -1.1568038768075553
0.982239 -1.1564529496356872
0.98248 -1.1563714846565076
1.025702 -1.1418360883972882
1.030947 -1.140082310280839
1.031857 -1.1397782538629382
1.038094 -1.1376960596548988
1.042129 -1.1363506298026826
1.042691 -1.1361633385265866
1.052527 -1.1328894384133341
1.056557 -1.1315502576692311
1.070869 -1.126804648867552
1.075684 -1.1252116897572966
1.079727 -1.1238755349263498
1.08677 -1.1215509738313074
1.089561 -1.1206308683506196
1.090642 -1.120274659707748
1.092339 -1.1197156519728508
1.094259 -1.119083456626012
1.116336 -1.111834805636341
1.120546 -1.1104568107252988
1.132993 -1.1063907470328502
1.156285 -1.0988140545493363
1.163298 -1.0965409547136742
1.202255 -1.083982427186142
1.203835 -1.083475523948213
1.204667 -1.0832086738795559
1.220664 -1.0780881106696218
1.230233 -1.075034375351692
1.231026 -1.074781617133213
1.246342 -1.0699091420896707
1.26896 -1.062745914294045
1.290046 -1.0561023357121377
1.308003 -1.0504707009174212
1.320925 -1.0464329187033254
1.32414 -1.0454302339413641
1.32651 -1.0446915737935563
1.340123 -1.0404568147775983
1.350986 -1.0370873082099465
1.363324 -1.0332707788972209
1.367667 -1.0319300036558656
1.385738 -1.026365885214516
1.394419 -1.023701430307596
1.39678 -1.0229777164855167
1.398856 -1.0223416974383674
1.40223 -1.021308679951986
1.40616 -1.0201064718535096
1.430843 -1.0125813310002767
1.436374 -1.0109011099160974
1.451648 -1.0062725472621918
1.456113 -1.0049226528811748
1.481065 -0.9974051794354177
1.488504 -0.9951725573665577
1.495253 -0.9931504201510852
1.496892 -0.9926598299738818
1.506014 -0.9899328824382556
1.523632 -0.9846827683364014
1.550149 -0.9768219503141837
1.550557 -0.9767013860906999
1.571073 -0.9706538901229678
1.574297 -0.969706220628598
1.57457 -0.9696260076392051
1.577831 -0.9686682598469514
1.582066 -0.9674255539301218
1.604963 -0.9607282653524822
1.606433 -0.9602995348767551
1.607795 -0.9599024361316293
1.614881 -0.9578385381322192
1.628793 -0.9537965305021829
1.650905 -0.947399423735358
1.657496 -0.945499086994273
1.661573 -0.9443250780646804
1.669816 -0.9419548913665168
1.678604 -0.939433085850222
1.683399 -0.9380593233236949
1.692361 -0.9354958980124524
1.695248 -0.9346712793432219
1.699111 -0.9335687656118095
1.700338 -0.9332187865048942
1.708537 -0.9308827812284537
1.710774 -0.9302462170022563
1.711064 -0.930163718835679
1.719344 -0.9278106424330541
1.726955 -0.925651753642627
1.730393 -0.9246778270557683
1.73343 -0.9238181562369991
1.737116 -0.9227756059273993
1.7378 -0.9225822430648485
1.75054 -0.9189864369111642
1.760181 -0.9162725110507415
1.782835 -0.9099197791307689
1.796959 -0.9059762796562216
1.81125 -0.9019995551867352
1.821972 -0.8990247924938426
1.83484 -0.8954645914321568
1.838729 -0.8943907515241714
1.842647 -0.8933099036956154
1.851682 -0.8908212627767371
1.855566 -0.8897530718830216
1.879084 -0.883306016275256
1.882112 -0.8824785482998874
1.895047 -0.8789504473933627
1.907363 -0.875601212142469
1.912866 -0.8741078711566823
1.915072 -0.8735097784566088
1.918311 -0.8726321838906463
1.923405 -0.8712533454305356
1.940844 -0.8665455510395466
1.943654 -0.8657887868666663
1.947808 -0.8646709907441483
1.972861 -0.8579527681366175
1.979576 -0.8561588348744356
1.991769 -0.8529087214528088
2.018067 -0.8459307107966239
2.023606 -0.8444665046879805
2.037778 -0.840728942622069
2.041154 -0.8398404434988425
2.044448 -0.8389742097230626
2.044615 -0.8389303111933131
2.046259 -0.8384982530672531
2.049797 -0.837569004959507
2.05567 -0.8360281922295612
2.07822 -0.8301319538016616
2.079686 -0.8297497220573407
2.11466 -0.8206701554703917
2.117214 -0.820010056147608
2.11988 -0.8193214354740002
2.128763 -0.817030116037095
2.16155 -0.8086145097563364
2.162189 -0.8084511427899674
2.162852 -0.8082816661104055
2.167747 -0.8070312249442462
2.171022 -0.8061954263557911
2.178006 -0.8044152340286264
2.190976 -0.8011170381142314
2.194295 -0.8002746626067827
2.220207 -0.7937208117072612
2.22521 -0.7924600433142965
2.226394 -0.7921618909556627
2.237032 -0.7894867999581991
2.238424 -0.7891372583265452
2.245839 -0.7872772372049941
2.246395 -0.7871378986026019
2.266295 -0.7821628430971719
2.26989 -0.7812665814153115
2.270651 -0.7810769560131476
2.271754 -0.7808021719818792
2.272863 -0.7805259655781391
2.279038 -0.7789893525148892
2.282724 -0.7780731834315615
2.292719 -0.7755929105906993
2.293055 -0.7755096337150336
2.29722 -0.7744778975753472
2.299194 -0.7739892621050586
2.304158 -0.7727615041638318
2.306731 -0.7721256858232968
2.31709 -0.7695697732817461
2.317592 -0.7694460723182892
2.31774 -0.7694096055191786
2.328711 -0.7667099378188595
2.330588 -0.7662487611234525
2.335175 -0.7651226031101532
2.341744 -0.7635119722655832
2.349632 -0.7615812491256635
2.352495 -0.7608813727106205
2.357775 -0.7595918913353852
2.371324 -0.7562903253878213
2.380551 -0.7540479850129818
2.398586 -0.7496792569263222
2.402365 -0.7487662095814336
2.418168 -0.7449568773651747
2.434606 -0.7410095807983719
2.43622 -0.7406228351834336
2.436963 -0.7404448477137866
2.441563 -0.7393436035776229
2.445326 -0.7384436299742225
2.468286 -0.732969775566056
2.478393 -0.7305696049776638
2.498375 -0.725841237715602
2.504699 -0.7243494382447735
2.525744 -0.7194010936570663
2.53037 -0.7183166785500205
2.538788 -0.71634639900339
2.556256 -0.7122704323070228
2.560102 -0.7113752738676773
2.564618 -0.7103252132350552
2.566263 -0.70994299679106
2.574657 -0.7079949650497603
2.579989 -0.706759555348182
2.599704 -0.7022051736452285
2.607488 -0.7004128336540927
2.610409 -0.699741098112036
2.620288 -0.6974726893399023
2.631491 -0.6949066809309046
2.636252 -0.6938182509384166
2.642046 -0.6924953181346071
2.649939 -0.6906960443468834
2.651864 -0.6902577350288813
2.653093 -0.6899780046836065
2.673651 -0.6853108942937839
2.683018 -0.6831919098013335
2.68562 -0.6826041245685257
2.686197 -0.682473830805408
2.703281 -0.6786241118873703
2.705707 -0.6780786980163603
2.718193 -0.6752765463256422
2.723561 -0.6740743868166437
2.725734 -0.6735881797093802
2.728899 -0.6728804610381012
2.73522 -0.6714686235832191
2.74734 -0.6687674478911289
2.756633 -0.6667015713349463
2.759985 -0.6659575219492424
2.769554 -0.6638367225856011
2.771415 -0.6634248231263117
2.772836 -0.663110432158438
2.779175 -0.6617092406150777
2.784158 -0.66060925985453
2.788659 -0.6596167947647881
2.791108 -0.6590772376735509
2.798508 -0.6574487906462771
2.799521 -0.657226091558417
2.803487 -0.6563547156751331
2.82389 -0.651884860903958
2.826865 -0.6512349062261961
2.833118 -0.6498702924430176
2.833443 -0.6497994218303946
2.835717 -0.649303698265322
2.838775 -0.6486374865889628
2.874071 -0.6409827887608113
2.878332 -0.640063022488354
2.887299 -0.6381304644766383
2.896982 -0.6360482009779698
2.908231 -0.6336351713701209
2.911787 -0.6328737087691502
2.9225 -0.6305835593492041
2.925277 -0.6299908601358789
2.93498 -0.6279229939863248
2.938497 -0.6271746376630127
2.9469 -0.625389148855171
2.951878 -0.6243330876703748
2.956248 -0.6234070373065971
2.963765 -0.6218163453092926
2.971004 -0.6202871575042178
2.979666 -0.6184608149493775
2.985331 -0.6172684019364345
2.986414 -0.6170406259238522
2.995725 -0.6150847509158267
2.999316 -0.6143315753900295
3.008162 -0.6124789491134841
3.044595 -0.6048895546066766
3.04849 -0.6040820535187061
3.056564 -0.6024105452016003
3.074159 -0.5987790253784612
3.07942 -0.5976961187445714
3.086118 -0.5963193770318191
3.087264 -0.596084041093696
3.090021 -0.5955181412660546
3.098411 -0.5937982887747252
3.115353 -0.5903357826049678
3.117734 -0.58985028104991
3.138644 -0.5855983409499885
3.14236 -0.5848449140682844
3.154459 -0.5823964081175765
3.182875 -0.5766733210676673
3.185089 -0.576229029632609
3.199947 -0.5732534447728921
3.207258 -0.571793125769063
3.228967 -0.5674717925467053
3.234401 -0.5663935902045593
3.234529 -0.5663682094610787
3.240573 -0.5651706385643384
3.241255 -0.5650356133189762
3.246207 -0.5640558496805711
3.252601 -0.5627924829723455
3.258349 -0.5616583899464614
3.263007 -0.5607404889023232
3.265233 -0.5603021931645743
3.268146 -0.55972897742911
3.273571 -0.5586625083250991
3.275711 -0.5582421951921084
3.27842 -0.5577104315428982
3.294955 -0.5544720819084006
3.295902 -0.5542869976250264
3.307663 -0.5519918536065757
3.310294 -0.5514792924049801
3.328519 -0.5479375302030381
3.33386 -0.5469024802568208
3.335319 -0.5466199636178003
3.336462 -0.5463987045613115
3.338766 -0.5459528841956728
3.344448 -0.5448544660885064
3.345281 -0.544693558648167
3.374655 -0.5390397583029984
3.390061 -0.5360901660295966
3.390403 -0.536024809728302
3.393516 -0.5354301580158963
3.396457 -0.5348687650093441
3.399439 -0.534299945116301
3.401928 -0.5338254732600292
3.413815 -0.53156334058055
3.421753 -0.5300562599313752
3.428149 -0.5288439990210723
3.435411 -0.5274698274409717
3.437674 -0.5270420882967715
3.443072 -0.526022715466308
3.450377 -0.5246452947030519
3.461067 -0.5226338967270108
3.483063 -0.5185111932100633
3.492616 -0.5167273610290442
3.498473 -0.515635678775384
3.504159 -0.5145773179043257
3.508566 -0.5137580037060958
3.525551 -0.5106082816812265
3.530024 -0.5097809095800495
3.531841 -0.5094450690230633
3.553777 -0.5054019774510639
3.553922 -0.505375321931798
3.559312 -0.504385121633251
3.564559 -0.5034224063584813
3.571335 -0.5021809216136415
3.582803 -0.5000843160454611
3.611096 -0.4949360355399084
3.611987 -0.49477446656780144
3.612588 -0.49466550384815333
3.615498 -0.49413813345576074
3.617131 -0.49384234916843694
3.624543 -0.49250125640250586
3.633851 -0.4908204441236599
3.648136 -0.48824810141366115
3.652638 -0.4874392162229636
3.664692 -0.48527768986944986
3.673123 -0.48376950718304235
3.684204 -0.4817918567137984
3.739805 -0.4719466718369246
3.740227 -0.4718724439871994
3.749269 -0.47028378068006804
3.751818 -0.4698365408380183
3.754176 -0.46942305383210203
3.761997 -0.46805325607234105
3.766047 -0.4673449220670227
3.774537 -0.4658622492494875
3.775052 -0.4657724068664416
3.781364 -0.4646721612501592
3.829996 -0.45625009007200246
3.843632 -0.45390598929877624
3.858244 -0.45140250493571155
3.858935 -0.45128433001756796
3.867483 -0.44982404960416744
3.87285 -0.44890869999141825
3.901853 -0.4439822973954203
3.905613 -0.4433461065119011
3.90789 -0.4429611143833341
3.916405 -0.4415232497646181
3.922935 -0.4404225420303509
3.936885 -0.4380768070856558
3.948345 -0.4361555688017761
3.957061 -0.43469784528897215
3.970839 -0.4323996534307868
3.981948 -0.4305521134051009
3.988328 -0.4294932518673167
3.991514 -0.4289650842279086
