-3.970547 NaN
-3.966829 NaN
-3.966425 NaN
-3.958422 NaN
-3.951365 NaN
-3.942479 NaN
-3.939268 NaN
-3.937579 NaN
-3.927517 NaN
-3.918387 NaN
-3.911524 NaN
-3.897684 NaN
-3.895066 NaN
-3.879274 NaN
-3.874094 NaN
-3.870883 NaN
-3.87055 NaN
-3.869873 NaN
-3.864866 NaN
-3.864479 NaN
-3.862296 NaN
-3.859931 NaN
-3.853849 NaN
-3.833106 NaN
-3.832937 NaN
-3.829342 NaN
-3.807748 NaN
-3.800477 NaN
-3.795981 NaN
-3.795742 NaN
-3.784348 NaN
-3.782051 NaN
-3.777184 NaN
-3.773756 NaN
-3.773601 NaN
-3.769556 NaN
-3.768807 NaN
-3.761514 NaN
-3.746755 NaN
-3.745191 NaN
-3.730971 NaN
-3.726863 NaN
-3.724068 NaN
-3.722168 NaN
-3.7192 NaN
-3.689834 NaN
-3.686384 NaN
-3.673515 NaN
-3.657751 NaN
-3.655746 NaN
-3.633705 NaN
-3.631537 NaN
-3.62798 NaN
-3.627509 NaN
-3.623804 NaN
-3.606537 NaN
-3.605915 NaN
-3.605737 NaN
-3.588047 NaN
-3.584181 NaN
-3.579199 NaN
-3.576818 NaN
-3.57649 NaN
-3.575818 NaN
-3.562024 NaN
-3.557935 NaN
-3.554475 NaN
-3.550959 NaN
-3.541091 NaN
-3.5388 NaN
-3.538188 NaN
-3.534771 NaN
-3.533914 NaN
-3.523511 NaN
-3.509943 NaN
-3.508803 NaN
-3.506598 NaN
-3.49847 NaN
-3.484464 NaN
-3.472244 NaN
-3.468125 NaN
-3.464179 NaN
-3.457343 NaN
-3.439422 NaN
-3.411196 NaN
-3.404632 NaN
-3.404103 NaN
-3.403116 NaN
-3.403026 NaN
-3.392829 NaN
-3.392815 NaN
-3.390683 NaN
-3.380973 NaN
-3.376721 NaN
-3.369147 NaN
-3.367456 NaN
-3.353074 NaN
-3.348733 NaN
-3.343517 NaN
-3.297455 NaN
-3.28334 NaN
-3.279131 NaN
-3.271876 NaN
-3.270534 NaN
-3.26553 NaN
-3.26465 NaN
-3.259199 NaN
-3.256882 NaN
-3.252414 NaN
-3.250613 NaN
-3.246551 NaN
-3.228417 NaN
-3.218497 NaN
-3.212447 NaN
-3.209628 NaN
-3.207044 NaN
-3.200796 NaN
-3.188918 NaN
-3.18549 NaN
-3.174175 NaN
-3.169315 NaN
-3.154578 NaN
-3.139509 NaN
-3.116212 NaN
-3.10321 NaN
-3.103106 NaN
-3.092952 NaN
-3.089468 NaN
-3.083325 NaN
-3.057137 NaN
-3.046476 NaN
-3.04103 NaN
-3.034036 NaN
-3.02894 NaN
-3.006018 NaN
-2.997269 NaN
-2.965746 NaN
-2.960917 NaN
-2.957034 NaN
-2.944539 NaN
-2.896062 NaN
-2.894898 NaN
-2.892616 NaN
-2.889979 NaN
-2.880224 NaN
-2.861199 NaN
-2.861163 NaN
-2.85777 NaN
-2.855795 NaN
-2.852084 NaN
-2.846459 NaN
-2.833899 NaN
-2.833352 NaN
-2.822819 NaN
-2.809818 NaN
-2.808393 NaN
-2.802289 NaN
-2.795428 NaN
-2.788162 NaN
-2.777897 NaN
-2.771606 NaN
-2.771353 NaN
-2.764314 NaN
-2.743188 NaN
-2.713041 NaN
-2.711394 NaN
-2.706556 NaN
-2.703245 NaN
-2.682629 NaN
-2.671497 NaN
-2.660983 NaN
-2.641275 NaN
-2.636269 NaN
-2.633626 NaN
-2.619189 NaN
-2.60468 NaN
-2.587652 NaN
-2.58065 NaN
-2.575506 NaN
-2.565254 NaN
-2.545694 NaN
-2.543875 NaN
-2.542369 NaN
-2.539172 NaN
-2.532652 NaN
-2.501024 NaN
-2.499899 NaN
-2.498096 NaN
-2.493096 NaN
-2.488641 NaN
-2.482425 NaN
-2.482221 NaN
-2.482121 NaN
-2.479322 NaN
-2.476633 NaN
-2.471404 NaN
-2.46633 NaN
-2.464289 NaN
-2.458268 NaN
-2.45707 NaN
-2.439018 NaN
-2.433282 NaN
-2.432318 NaN
-2.431037 NaN
-2.429252 NaN
-2.426626 NaN
-2.421184 NaN
-2.417466 NaN
-2.415846 NaN
-2.411137 NaN
-2.409694 NaN
-2.39292 NaN
-2.369777 NaN
-2.369754 NaN
-2.366325 NaN
-2.355313 NaN
-2.3551 NaN
-2.349198 NaN
-2.337916 NaN
-2.324395 NaN
-2.310443 NaN
-2.298944 NaN
-2.288593 NaN
-2.263855 NaN
-2.22863 NaN
-2.219181 NaN
-2.154999 NaN
-2.149003 NaN
-2.138747 NaN
-2.111273 NaN
-2.107723 NaN
-2.085549 NaN
-2.078884 NaN
-2.077651 NaN
-2.076729 NaN
-2.067103 NaN
-2.064887 NaN
-2.063658 NaN
-2.039707 NaN
-2.035932 NaN
-2.029032 NaN
-2.028201 NaN
-2.012196 NaN
-2.007509 NaN
-1.996853 NaN
-1.985628 NaN
-1.983718 NaN
-1.961244 NaN
-1.928663 NaN
-1.925702 NaN
-1.924729 NaN
-1.919553 NaN
-1.917294 NaN
-1.91352 NaN
-1.905699 NaN
-1.904434 NaN
-1.896633 NaN
-1.885683 NaN
-1.882387 NaN
-1.876369 NaN
-1.847233 NaN
-1.845413 NaN
-1.843506 NaN
-1.841375 NaN
-1.836627 NaN
-1.828437 NaN
-1.823823 NaN
-1.821087 NaN
-1.820702 NaN
-1.814617 NaN
-1.806045 NaN
-1.784701 NaN
-1.778923 NaN
-1.775282 NaN
-1.747084 NaN
-1.745124 NaN
-1.743742 NaN
-1.742271 NaN
-1.732205 NaN
-1.72661 NaN
-1.71601 NaN
-1.710045 NaN
-1.696695 NaN
-1.695891 NaN
-1.684842 NaN
-1.68132 NaN
-1.677192 NaN
-1.672615 NaN
-1.669183 NaN
-1.667951 NaN
-1.650075 NaN
-1.64721 NaN
-1.63226 NaN
-1.623268 NaN
-1.62186 NaN
-1.620903 NaN
-1.618889 NaN
-1.61258 NaN
-1.605615 NaN
-1.59922 NaN
-1.593646 NaN
-1.578339 NaN
-1.568114 NaN
-1.539335 NaN
-1.538096 NaN
-1.528201 NaN
-1.526192 NaN
-1.520394 NaN
-1.518157 NaN
-1.506963 NaN
-1.486863 NaN
-1.486266 NaN
-1.485607 NaN
-1.484458 NaN
-1.48204 NaN
-1.470902 NaN
-1.470003 NaN
-1.463642 NaN
-1.45716 NaN
-1.453016 NaN
-1.452937 NaN
-1.448213 NaN
-1.426241 NaN
-1.41937 NaN
-1.409189 NaN
-1.405595 NaN
-1.379204 NaN
-1.354821 NaN
-1.346026 NaN
-1.34586 NaN
-1.336242 NaN
-1.333837 NaN
-1.320271 NaN
-1.308629 NaN
-1.293961 NaN
-1.292473 NaN
-1.275882 NaN
-1.265313 NaN
-1.260215 NaN
-1.257635 NaN
-1.256395 NaN
-1.255249 NaN
-1.251952 NaN
-1.251186 NaN
-1.248519 NaN
-1.240384 NaN
-1.235097 NaN
-1.227983 NaN
-1.221645 NaN
-1.215053 NaN
-1.214331 NaN
-1.205444 NaN
-1.199822 NaN
-1.194867 NaN
-1.189568 NaN
-1.189016 NaN
-1.184859 NaN
-1.179054 NaN
-1.155197 NaN
-1.151683 NaN
-1.143028 NaN
-1.128386 NaN
-1.12566 NaN
-1.125063 NaN
-1.117968 NaN
-1.106545 NaN
-1.104843 NaN
-1.102951 NaN
-1.098875 NaN
-1.084797 NaN
-1.069403 NaN
-1.067776 NaN
-1.066278 NaN
-1.056849 NaN
-1.019835 NaN
-1.011562 NaN
-0.998951 NaN
-0.938533 NaN
-0.93389 NaN
-0.933334 NaN
-0.930989 NaN
-0.92516 NaN
-0.921183 NaN
-0.920268 NaN
-0.917286 NaN
-0.915323 NaN
-0.908429 NaN
-0.907992 NaN
-0.9077 NaN
-0.889273 NaN
-0.883324 NaN
-0.882034 NaN
-0.857036 NaN
-0.853734 NaN
-0.846564 NaN
-0.843468 NaN
-0.843079 NaN
-0.82204 NaN
-0.820814 NaN
-0.815377 NaN
-0.814182 NaN
-0.809158 NaN
-0.804171 NaN
-0.790946 NaN
-0.78538 NaN
-0.785007 NaN
-0.773006 NaN
-0.760599 NaN
-0.75472 NaN
-0.713762 NaN
-0.712478 NaN
-0.703682 NaN
-0.698102 NaN
-0.69443 NaN
-0.693513 NaN
-0.684334 NaN
-0.67462 NaN
-0.669112 NaN
-0.667424 NaN
-0.657713 NaN
-0.648047 NaN
-0.646762 NaN
-0.63827 NaN
-0.637422 NaN
-0.636181 NaN
-0.633794 NaN
-0.622682 NaN
-0.606648 NaN
-0.603534 NaN
-0.601486 NaN
-0.598964 NaN
-0.586367 NaN
-0.583118 NaN
-0.568294 NaN
-0.567886 NaN
-0.567792 NaN
-0.561864 NaN
-0.546051 NaN
-0.542673 NaN
-0.519877 NaN
-0.510414 NaN
-0.494729 NaN
-0.493667 NaN
-0.489706 NaN
-0.481879 NaN
-0.475207 NaN
-0.471836 NaN
-0.465635 NaN
-0.453433 NaN
-0.449519 NaN
-0.440363 NaN
-0.440123 NaN
-0.433781 NaN
-0.431283 NaN
-0.425097 NaN
-0.424841 NaN
-0.41692 NaN
-0.414832 NaN
-0.38698 NaN
-0.370048 NaN
-0.359819 NaN
-0.346616 NaN
-0.339147 NaN
-0.335751 NaN
-0.329201 NaN
-0.313167 NaN
-0.294207 NaN
-0.290537 NaN
-0.290501 NaN
-0.289981 NaN
-0.28933 NaN
-0.279362 NaN
-0.276477 NaN
-0.272215 NaN
-0.270605 NaN
-0.245396 NaN
-0.244368 NaN
-0.230146 NaN
-0.2113 NaN
-0.204095 NaN
-0.203931 NaN
-0.195883 NaN
-0.183043 NaN
-0.182868 NaN
-0.182024 NaN
-0.179024 NaN
-0.176351 NaN
-0.172452 NaN
-0.140665 NaN
-0.116599 NaN
-0.116323 NaN
-0.115279 NaN
-0.100812 NaN
-0.100438 NaN
-0.09245 NaN
-0.06214 NaN
-0.040247 NaN
-0.009746 NaN
-0.009138 NaN
-0.001555 NaN
-8.31E-4 NaN
0.002862 NaN
0.008751 NaN
0.051082 NaN
0.057194 NaN
0.079499 NaN
0.102846 NaN
0.115465 NaN
0.123329 NaN
0.126682 NaN
0.12685 NaN
0.137496 NaN
0.13817 NaN
0.143356 NaN
0.153101 NaN
0.156448 NaN
0.156952 NaN
0.179236 NaN
0.183036 NaN
0.186624 NaN
0.192152 NaN
0.204089 NaN
0.217656 NaN
0.220754 NaN
0.228434 NaN
0.24285 NaN
0.253822 NaN
0.261565 NaN
0.270026 NaN
0.277621 NaN
0.295564 NaN
0.300352 NaN
0.305323 NaN
0.310542 NaN
0.311183 NaN
0.330028 NaN
0.341855 NaN
0.348853 NaN
0.370095 NaN
0.371943 NaN
0.385443 NaN
0.39068 NaN
0.392048 NaN
0.411689 NaN
0.417918 NaN
0.42961 NaN
0.435362 NaN
0.437543 NaN
0.437888 NaN
0.440816 NaN
0.442324 NaN
0.452219 NaN
0.455305 NaN
0.46342 NaN
0.474146 NaN
0.476583 NaN
0.477135 NaN
0.48351 NaN
0.484825 NaN
0.486356 NaN
0.491955 NaN
0.493353 NaN
0.495998 NaN
0.498362 NaN
0.499785 NaN
0.509238 NaN
0.515542 NaN
0.525434 NaN
0.531925 NaN
0.533946 NaN
0.545165 NaN
0.547937 NaN
0.558138 NaN
0.562565 NaN
0.585418 NaN
0.587139 NaN
0.587452 NaN
0.591907 NaN
0.594509 NaN
0.598326 NaN
0.599217 NaN
0.601351 NaN
0.601354 NaN
0.607022 NaN
0.610876 NaN
0.610949 NaN
0.61159 NaN
0.61735 NaN
0.621947 NaN
0.629415 NaN
0.630949 NaN
0.647056 NaN
0.655571 NaN
0.69134 NaN
0.698204 NaN
0.709864 NaN
0.713475 NaN
0.713836 NaN
0.726608 NaN
0.728305 NaN
0.733476 NaN
0.74644 NaN
0.746978 NaN
0.753128 NaN
0.758565 NaN
0.769411 NaN
0.777855 NaN
0.778456 NaN
0.780055 NaN
0.792992 NaN
0.79369 NaN
0.800507 NaN
0.802305 NaN
0.814644 NaN
0.832129 NaN
0.837578 NaN
0.842828 NaN
0.844155 NaN
0.845183 NaN
0.856644 NaN
0.866061 NaN
0.866752 NaN
0.886568 NaN
0.887241 NaN
0.89528 NaN
0.909436 NaN
0.909831 NaN
0.914124 NaN
0.915122 NaN
0.915982 NaN
0.918054 NaN
0.934285 NaN
0.947162 NaN
0.952742 NaN
0.964287 NaN
0.968085 NaN
0.970077 NaN
0.978998 NaN
0.981201 NaN
0.982239 NaN
0.98248 NaN
1.025702 NaN
1.030947 NaN
1.031857 NaN
1.038094 NaN
1.042129 NaN
1.042691 NaN
1.052527 NaN
1.056557 NaN
1.070869 NaN
1.075684 NaN
1.079727 NaN
1.08677 NaN
1.089561 NaN
1.090642 NaN
1.092339 NaN
1.094259 NaN
1.116336 NaN
1.120546 NaN
1.132993 NaN
1.156285 NaN
1.163298 NaN
1.202255 NaN
1.203835 NaN
1.204667 NaN
1.220664 NaN
1.230233 NaN
1.231026 NaN
1.246342 NaN
1.26896 NaN
1.290046 NaN
1.308003 NaN
1.320925 NaN
1.32414 NaN
1.32651 NaN
1.340123 NaN
1.350986 NaN
1.363324 NaN
1.367667 NaN
1.385738 NaN
1.394419 NaN
1.39678 NaN
1.398856 NaN
1.40223 NaN
1.40616 NaN
1.430843 NaN
1.436374 NaN
1.451648 NaN
1.456113 NaN
1.481065 NaN
1.488504 NaN
1.495253 NaN
1.496892 NaN
1.506014 NaN
1.523632 NaN
1.550149 NaN
1.550557 NaN
1.571073 NaN
1.574297 NaN
1.57457 NaN
1.577831 NaN
1.582066 NaN
1.604963 NaN
1.606433 NaN
1.607795 NaN
1.614881 NaN
1.628793 NaN
1.650905 NaN
1.657496 NaN
1.661573 NaN
1.669816 NaN
1.678604 NaN
1.683399 NaN
1.692361 NaN
1.695248 NaN
1.699111 NaN
1.700338 NaN
1.708537 NaN
1.710774 NaN
1.711064 NaN
1.719344 NaN
1.726955 NaN
1.730393 NaN
1.73343 NaN
1.737116 NaN
1.7378 NaN
1.75054 NaN
1.760181 NaN
1.782835 NaN
1.796959 NaN
1.81125 NaN
1.821972 NaN
1.83484 NaN
1.838729 NaN
1.842647 NaN
1.851682 NaN
1.855566 NaN
1.879084 NaN
1.882112 NaN
1.895047 NaN
1.907363 NaN
1.912866 NaN
1.915072 NaN
1.918311 NaN
1.923405 NaN
1.940844 NaN
1.943654 NaN
1.947808 NaN
1.972861 NaN
1.979576 NaN
1.991769 NaN
2.018067 NaN
2.023606 NaN
2.037778 NaN
2.041154 NaN
2.044448 NaN
2.044615 NaN
2.046259 NaN
2.049797 NaN
2.05567 NaN
2.07822 NaN
2.079686 NaN
2.11466 NaN
2.117214 NaN
2.11988 NaN
2.128763 NaN
2.16155 NaN
2.162189 NaN
2.162852 NaN
2.167747 NaN
2.171022 NaN
2.178006 NaN
2.190976 NaN
2.194295 NaN
2.220207 NaN
2.22521 NaN
2.226394 NaN
2.237032 NaN
2.238424 NaN
2.245839 NaN
2.246395 NaN
2.266295 NaN
2.26989 NaN
2.270651 NaN
2.271754 NaN
2.272863 NaN
2.279038 NaN
2.282724 NaN
2.292719 NaN
2.293055 NaN
2.29722 NaN
2.299194 NaN
2.304158 NaN
2.306731 NaN
2.31709 NaN
2.317592 NaN
2.31774 NaN
2.328711 NaN
2.330588 NaN
2.335175 NaN
2.341744 NaN
2.349632 NaN
2.352495 NaN
2.357775 NaN
2.371324 NaN
2.380551 NaN
2.398586 NaN
2.402365 NaN
2.418168 NaN
2.434606 NaN
2.43622 NaN
2.436963 NaN
2.441563 NaN
2.445326 NaN
2.468286 NaN
2.478393 NaN
2.498375 NaN
2.504699 NaN
2.525744 NaN
2.53037 NaN
2.538788 NaN
2.556256 NaN
2.560102 NaN
2.564618 NaN
2.566263 NaN
2.574657 NaN
2.579989 NaN
2.599704 NaN
2.607488 NaN
2.610409 NaN
2.620288 NaN
2.631491 NaN
2.636252 NaN
2.642046 NaN
2.649939 NaN
2.651864 NaN
2.653093 NaN
2.673651 NaN
2.683018 NaN
2.68562 NaN
2.686197 NaN
2.703281 NaN
2.705707 NaN
2.718193 NaN
2.723561 NaN
2.725734 NaN
2.728899 NaN
2.73522 NaN
2.74734 NaN
2.756633 NaN
2.759985 NaN
2.769554 NaN
2.771415 NaN
2.772836 NaN
2.779175 NaN
2.784158 NaN
2.788659 NaN
2.791108 NaN
2.798508 NaN
2.799521 NaN
2.803487 NaN
2.82389 NaN
2.826865 NaN
2.833118 NaN
2.833443 NaN
2.835717 NaN
2.838775 NaN
2.874071 NaN
2.878332 NaN
2.887299 NaN
2.896982 NaN
2.908231 NaN
2.911787 NaN
2.9225 NaN
2.925277 NaN
2.93498 NaN
2.938497 NaN
2.9469 NaN
2.951878 NaN
2.956248 NaN
2.963765 NaN
2.971004 NaN
2.979666 NaN
2.985331 NaN
2.986414 NaN
2.995725 NaN
2.999316 NaN
3.008162 NaN
3.044595 NaN
3.04849 NaN
3.056564 NaN
3.074159 NaN
3.07942 NaN
3.086118 NaN
3.087264 NaN
3.090021 NaN
3.098411 NaN
3.115353 NaN
3.117734 NaN
3.138644 NaN
3.14236 NaN
3.154459 NaN
3.182875 NaN
3.185089 NaN
3.199947 NaN
3.207258 NaN
3.228967 NaN
3.234401 NaN
3.234529 NaN
3.240573 NaN
3.241255 NaN
3.246207 NaN
3.252601 NaN
3.258349 NaN
3.263007 NaN
3.265233 NaN
3.268146 NaN
3.273571 NaN
3.275711 NaN
3.27842 NaN
3.294955 NaN
3.295902 NaN
3.307663 NaN
3.310294 NaN
3.328519 NaN
3.33386 NaN
3.335319 NaN
3.336462 NaN
3.338766 NaN
3.344448 NaN
3.345281 NaN
3.374655 NaN
3.390061 NaN
3.390403 NaN
3.393516 NaN
3.396457 NaN
3.399439 NaN
3.401928 NaN
3.413815 NaN
3.421753 NaN
3.428149 NaN
3.435411 NaN
3.437674 NaN
3.443072 NaN
3.450377 NaN
3.461067 NaN
3.483063 NaN
3.492616 NaN
3.498473 NaN
3.504159 NaN
3.508566 NaN
3.525551 NaN
3.530024 NaN
3.531841 NaN
3.553777 NaN
3.553922 NaN
3.559312 NaN
3.564559 NaN
3.571335 NaN
3.582803 NaN
3.611096 NaN
3.611987 NaN
3.612588 NaN
3.615498 NaN
3.617131 NaN
3.624543 NaN
3.633851 NaN
3.648136 NaN
3.652638 NaN
3.664692 NaN
3.673123 NaN
3.684204 NaN
3.739805 NaN
3.740227 NaN
3.749269 NaN
3.751818 NaN
3.754176 NaN
3.761997 NaN
3.766047 NaN
3.774537 NaN
3.775052 NaN
3.781364 NaN
3.829996 NaN
3.843632 NaN
3.858244 NaN
3.858935 NaN
3.867483 NaN
3.87285 NaN
3.901853 NaN
3.905613 NaN
3.90789 NaN
3.916405 NaN
3.922935 NaN
3.936885 NaN
3.948345 NaN
3.957061 NaN
3.970839 NaN
3.981948 NaN
3.988328 NaN
3.991514 NaN
