1.0 108.18 
2.0 108.2 
3.0 108.19 
4.0 108.18 
5.0 108.195 
6.0 108.165 
7.0 108.145 
8.0 108.13 
9.0 108.16 
10.0 108.175 
11.0 108.165 
12.0 108.165 
13.0 108.18 
14.0 108.18 
15.0 108.18 
16.0 108.165 
17.0 108.18 
18.0 108.175 
19.0 108.19 
20.0 108.18 
21.0 108.185 
22.0 108.155 
23.0 108.14 
24.0 108.155 
25.0 108.16 
26.0 108.15 
27.0 108.15 
28.0 108.145 
29.0 108.125 
30.0 108.16 
31.0 108.16 
32.0 108.16 
33.0 108.16 
34.0 108.16 
35.0 108.16 
36.0 108.16 
37.0 108.16 
38.0 108.16 
39.0 108.16 
40.0 108.16 
41.0 108.16 
42.0 108.16 
43.0 108.16 
44.0 108.16 
45.0 108.16 
46.0 108.16 
47.0 108.16 
48.0 108.16 
49.0 108.16 
50.0 108.16 
51.0 108.16 
52.0 108.16 
53.0 108.16 
54.0 108.16 
55.0 108.16 
56.0 108.16 
57.0 108.16 
58.0 108.16 
59.0 108.16 
60.0 108.16 
61.0 108.16 
62.0 108.16 
63.0 108.16 
64.0 108.16 
65.0 108.16 
66.0 108.16 
67.0 108.16 
68.0 108.16 
69.0 108.16 
70.0 108.16 
71.0 108.16 
72.0 108.16 
73.0 108.16 
74.0 108.16 
75.0 108.16 
76.0 108.16 
77.0 108.16 
78.0 108.16 
79.0 108.16 
80.0 108.16 
81.0 108.16 
82.0 108.16 
83.0 108.16 
84.0 9.26 
85.0 9.26 
86.0 9.26 
87.0 9.26 
88.0 9.26 
89.0 9.26 
90.0 9.26 
91.0 9.26 
92.0 9.26 
93.0 9.26 
94.0 9.26 
95.0 9.26 
96.0 9.26 
97.0 9.26 
98.0 9.26 
99.0 9.26 
100.0 9.26 
101.0 9.26 
102.0 9.26 
103.0 9.26 
104.0 9.26 
105.0 9.26 
106.0 9.26 
107.0 9.26 
108.0 9.26 
109.0 9.26 
110.0 9.26 
111.0 9.26 
112.0 9.26 
113.0 9.26 
114.0 9.26 
115.0 9.26 
116.0 9.26 
117.0 9.26 
118.0 9.26 
119.0 9.26 
120.0 9.26 
121.0 9.26 
122.0 9.26 
123.0 9.26 
124.0 9.26 
125.0 9.26 
126.0 9.26 
127.0 9.26 
128.0 9.26 
129.0 9.26 
130.0 9.26 
131.0 9.26 
132.0 9.26 
133.0 9.26 
134.0 9.26 
135.0 9.26 
136.0 9.26 
137.0 9.26 
138.0 9.26 
139.0 9.26 
140.0 9.26 
141.0 9.26 
142.0 9.26 
143.0 9.26 
144.0 9.26 
145.0 9.26 
146.0 9.26 
147.0 9.26 
148.0 9.26 
149.0 9.26 
150.0 9.26 
151.0 9.26 
152.0 9.26 
153.0 9.26 
154.0 9.26 
155.0 9.26 
156.0 9.26 
157.0 9.26 
158.0 9.26 
159.0 9.26 
160.0 9.26 
161.0 9.26 
162.0 9.26 
163.0 9.26 

